BeRP ball, 1.480 in. W reflector (berp_w04_ndi)
sphere feyny
mendf71x
4 / no of materials
1 31069 -1.99071E-04 31071 -1.35938E-04 6000 -2.29800E-04 26054 -5.65054E-07 26056 -9.19000E-06 26057 -2.16145E-07 26058 -2.90477E-08 20040 -2.89993E-06 20042 -2.03213E-08 20043 -4.34122E-09 20044 -6.86363E-08 20046 -1.37596E-10 20048 -6.71243E-09 42092 -1.27960E-06 42094 -8.14938E-07 42095 -1.41752E-06 42096 -1.50082E-06 42097 -8.68256E-07 42098 -2.21645E-06 42100 -9.02647E-07 40090 -5.07075E-05 40091 -1.11812E-05 40092 -1.72786E-05 40094 -1.78916E-05 40096 -2.94387E-06 11023 -5.00013E-05 24050 -2.08690E-07 24052 -4.18508E-06 24053 -4.83692E-07 24054 -1.22671E-07 28058 -3.36013E-06 28060 -1.33868E-06 28061 -5.91747E-08 28062 -1.91509E-07 28064 -5.06485E-08 4009 -1.00003E-06 5010 -1.84314E-07 5011 -8.15712E-07 12024 -7.79520E-07 12025 -1.02804E-07 12026 -1.17702E-07 94238 -1.59585E-04 92234 -3.94427E-05 94239 -9.35361E-01 92235 -7.51202E-04 94240 -5.92435E-02 92236 -1.75085E-04 94241 -6.77410E-04 95241 -2.48513E-03 93237 -7.84266E-05 94242 -2.79593E-04 / Pu from John
2 7014 4.327249E-05 8016 1.0685167-05 / NO fill
3 24050 6.518941E-04 24052 1.257128E-02 24053 1.425319E-03 24054 3.548248E-04 26054 3.442237E-03 26056 5.351259E-02 26057 1.225230E-03 26058 1.633551E-04 28058 6.405671E-03 28060 2.448989E-03 28061 1.060310E-04 28062 3.368464E-04 28064 8.538426E-05 / SS316
4  6000 -2.50058E-05 8016 -1.65864E-05 15031 -1.10319E-04 26054 -4.97920E-04 26056 -8.02687E-03 26057 -1.87069E-04 26058 -2.53800E-05 28058 -1.38684E-02 28060 -5.39333E-03 28061 -2.37453E-04 28062 -7.66980E-04 28064 -1.97595E-04 29063 -4.97570E-05 29065 -2.18310E-05 39089 -3.91720E-04 42092 -1.82942E-06 42094 -1.16510E-06 42095 -2.02660E-06 42096 -2.14569E-06 42097 -1.24132E-06 42098 -3.16880E-06 42100 -1.29049E-06 74182 -2.52813E-01 74183 -1.38025E-01 74184 -2.98357E-01 74186 -2.80976E-01 / tungsten
-19.6   5.395766E-05 -7.62    6.478894E-02 / densities
4 / no of shells
 3.794  3.82829  3.85879  7.61799  / radii
 1      2        3       4         / material nos
 0          / number of edit points
 0          / number of reaction-rate ratios

mat 1 is wgt fracs, mass dens
mat 2 is at fracs, atom dens
mat 3 is at fracs, mass dens
mat 4 is wgt fracs, at dens
