     0  2.000000E+01
     1  8.187300E+00
     2  6.434000E+00
     3  4.800000E+00
     4  3.000000E+00
     5  2.479000E+00
     6  2.354000E+00
     7  1.850000E+00
     8  1.400000E+00
     9  9.000000E-01
    10  4.000000E-01
    11  1.000000E-01
    12  2.500000E-02
    13  1.700000E-02
    14  3.000000E-03
    15  5.500000E-04
    16  1.000000E-04
    17  3.000000E-05
    18  1.000000E-05
    19  8.100000E-06
    20  6.000000E-06
    21  4.750000E-06
    22  3.000000E-06
    23  1.770000E-06
    24  1.000000E-06
    25  6.250000E-07
    26  4.000000E-07
    27  3.750000E-07
    28  3.500000E-07
    29  3.250000E-07
    30  2.750000E-07
    31  2.500000E-07
    32  2.250000E-07
    33  2.000000E-07
    34  1.500000E-07
    35  1.000000E-07
    36  7.000000E-08
    37  5.000000E-08
    38  4.000000E-08
    39  3.000000E-08
    40  2.530000E-08
    41  1.000000E-08
    42  7.500000E-09
    43  3.000000E-09
    44  1.000000E-11
