0	1.00000000000000E-05
1	1.39000000000000E-04
2	8.07159355992206E-03
3	1.52000000000000E-01
4	4.14000000000000E-01
5	1.13000000000000E+00
6	3.06000000000000E+00
7	8.32000000000000E+00
8	2.26000000000000E+01
9	6.14000000000000E+01
10	1.67000000000000E+02
11	4.54000000000000E+02
12	1.23500000000000E+03
13	3.35000000000000E+03
14	9.12000000000000E+03
15	2.48000000000000E+04
16	6.76000000000000E+04
17	1.84000000000000E+05
18	3.03000000000000E+05
19	5.00000000000000E+05
20	8.23000000000000E+05
21	1.35300000000000E+06
22	1.73800000000000E+06
23	2.23200000000000E+06
24	2.86500000000000E+06
25	3.68000000000000E+06
26	4.16862019678508E+06
27	4.72366552741015E+06
28	5.35261428518990E+06
29	6.07000000000000E+06
30	6.87289278790972E+06
31	7.79000000000000E+06
32	8.82496902584595E+06
33	1.00000000000000E+07
34	1.10000000000000E+07
35	1.20000000000000E+07
36	1.25000000000000E+07
37	1.30000000000000E+07
38	1.35000000000000E+07
39	1.40000000000000E+07
40	1.42500000000000E+07
41	1.45000000000000E+07
42	1.50000000000000E+07
43	1.60000000000000E+07
44	1.70000000000000E+07
45	1.80000000000000E+07
46	1.90000000000000E+07
47	2.00000000000000E+07
