0	17.00000000
1	16.00000000
2	15.00000000
3	14.50000000
4	14.25000000
5	14.00000000
6	13.50000000
7	13.00000000
8	12.50000000
9	12.00000000
10	11.00000000
11	10.00000000
12	8.82496903
13	7.79000000
14	6.87289279
15	6.07000000
16	5.35261429
17	4.72366553
18	4.16862020
19	3.68000000
20	3.24652467
21	2.86500000
22	2.52839596
23	2.23200000
24	1.96911675
25	1.73800000
26	1.53354967
27	1.35300000
28	1.05399225
29	0.82300000
30	0.63927861
31	0.50000000
32	0.38774208
33	0.30300000
34	0.23517746
35	0.18400000
36	0.11108997
37	0.06760000
38	0.04086771
39	0.02480000
40	0.01503439
41	0.00912000
42	0.00553084
43	0.00335000
44	0.00203468
45	0.00123500
46	0.00074852
47	0.00045400
48	0.00027536
49	0.00016700
