0 17
1 16
2 15
3 14.5
4 14.25
5 14
6 13.5
7 13
8 12.5
9 12
10 11
11 10
12 8.82497
13 7.79
14 6.87289
15 6.07
16 5.35261
17 4.72367
18 4.16862
19 3.68
20 3.24652
21 2.865
22 2.5284
23 2.232
24 1.96912
25 1.738
26 1.53355
27 1.353
28 1.05399
29 0.823
30 0.639279
31 0.5
32 0.387742
33 0.303
34 0.235177
35 0.184
36 0.11109
37 0.0676
38 0.0408677
39 0.0248
40 0.0150344
41 0.00912
42 0.00553084
43 0.00335
44 0.00203468
45 0.001235
46 0.000748518
47 0.000454
48 0.000275364
49 0.000167
50 0.000101301
51 6.14e-05
52 3.72665e-05
53 2.26e-05
54 1.37096e-05
55 8.32e-06
56 5.04348e-06
57 3.06e-06
58 1.85539e-06
59 1.13e-06
60 6.8256e-07
61 4.14e-07
62 2.511e-07
63 1.52e-07
64 5.6028e-08
65 2.06115e-08
66 8.07159e-09
67 2.96937e-09
68 1.09237e-09
69 4.01861e-10
70 1.39e-10
