0	1.00000000000000E-05
1	4.23558357164050E-05
2	1.39000000000000E-04
3	4.01860980405450E-04
4	1.09237140060287E-03
5	2.96937332818714E-03
6	8.07159355992206E-03
7	2.06115362243856E-02
8	5.60279643753727E-02
9	1.52000000000000E-01
10	2.51099915574398E-01
11	4.14000000000000E-01
12	6.82560337633487E-01
13	1.13000000000000E+00
14	1.85539136261598E+00
15	3.06000000000000E+00
16	5.04347662567888E+00
17	8.32000000000000E+00
18	1.37095908638408E+01
19	2.26000000000000E+01
20	3.72665317207867E+01
21	6.14000000000000E+01
22	1.01300935986307E+02
23	1.67000000000000E+02
24	2.75364493497472E+02
25	4.54000000000000E+02
26	7.48518298877006E+02
27	1.23500000000000E+03
28	2.03468369010644E+03
29	3.35000000000000E+03
30	5.53084370147834E+03
31	9.12000000000000E+03
32	1.50343919297757E+04
33	2.48000000000000E+04
34	4.08677143846407E+04
35	6.76000000000000E+04
36	1.11089965382423E+05
37	1.84000000000000E+05
38	2.35177458560091E+05
39	3.03000000000000E+05
40	3.87742078317220E+05
41	5.00000000000000E+05
42	6.39278612067076E+05
43	8.23000000000000E+05
44	1.05399224561864E+06
45	1.35300000000000E+06
46	1.53354966844928E+06
47	1.73800000000000E+06
48	1.96911675204194E+06
49	2.23200000000000E+06
50	2.52839595804746E+06
51	2.86500000000000E+06
52	3.24652467358350E+06
53	3.68000000000000E+06
54	4.16862019678508E+06
55	4.72366552741015E+06
56	5.35261428518990E+06
57	6.07000000000000E+06
58	6.87289278790972E+06
59	7.79000000000000E+06
60	8.82496902584595E+06
61	1.00000000000000E+07
62	1.10000000000000E+07
63	1.20000000000000E+07
64	1.25000000000000E+07
65	1.30000000000000E+07
66	1.35000000000000E+07
67	1.40000000000000E+07
68	1.42500000000000E+07
69	1.45000000000000E+07
70	1.50000000000000E+07
71	1.60000000000000E+07
72	1.70000000000000E+07
73	1.80000000000000E+07
74	1.90000000000000E+07
75	2.00000000000000E+07
