   0  1.964000E+01
   1  1.733200E+01
   2  1.419100E+01
   3  1.221400E+01
   4  1.000000E+01
   5  8.607100E+00
   6  7.408200E+00
   7  6.065300E+00
   8  4.965900E+00
   9  3.678800E+00
  10  3.011900E+00
  11  2.725300E+00
  12  2.466000E+00
  13  2.365300E+00
  14  2.345700E+00
  15  2.231300E+00
  16  1.920500E+00
  17  1.653000E+00
  18  1.353400E+00
  19  1.002600E+00
  20  8.208500E-01
  21  7.427400E-01
  22  6.081000E-01
  23  4.978700E-01
  24  3.688300E-01
  25  2.972100E-01
  26  1.831600E-01
  27  1.110900E-01
  28  6.737900E-02
  29  4.086800E-02
  30  3.182800E-02
  31  2.605800E-02
  32  2.417600E-02
  33  2.187500E-02
  34  1.503400E-02
  35  7.101700E-03
  36  3.354600E-03
  37  1.584600E-03
  38  4.540000E-04
  39  2.144500E-04
  40  1.013000E-04
  41  3.726600E-05
  42  1.067700E-05
  43  5.043500E-06
  44  3.927900E-06
  45  3.059000E-06
  46  2.382400E-06
  47  1.855400E-06
  48  1.445000E-06
  49  1.300000E-06
  50  1.125300E-06
  51  1.080000E-06
  52  1.040000E-06
  53  1.000000E-06
  54  8.764300E-07
  55  8.000000E-07
  56  6.825600E-07
  57  6.250600E-07
  58  5.315800E-07
  59  5.000000E-07
  60  4.139900E-07
  61  3.668000E-07
  62  3.250000E-07
  63  2.750000E-07
  64  2.250000E-07
  65  1.840000E-07
  66  1.500000E-07
  67  1.250000E-07
  68  1.000000E-07
  69  7.000000E-08
  70  5.000000E-08
  71  4.000000E-08
  72  3.000000E-08
  73  2.100000E-08
  74  1.450000E-08
  75  1.000000E-08
  76  5.000000E-09
  77  2.000000E-09
  78  5.000000E-10
  79  1.000000E-11
