0 20
1 18.134
2 16.923
3 16.334
4 15.754
5 15.186
6 14.683
7 14.407
8 14.134
9 13.863
10 13.542
11 13.068
12 12.499
13 11.993
14 11.547
15 11.012
16 10.585
17 10.12
18 9.6648
19 9.1767
20 8.7867
21 8.3215
22 7.9096
23 7.5479
24 7.1558
25 6.7367
26 6.3666
27 6.0425
28 5.6578
29 5.3525
30 4.9908
31 4.7044
32 4.396
33 4.0688
34 3.5335
35 3.0108
36 2.7411
37 2.5299
38 2.3051
39 2.0908
40 1.6936
41 1.5106
42 1.3381
43 1.1761
44 1.0245
45 0.88337
46 0.7527
47 0.63247
48 0.5123
49 0.37765
50 0.33453
51 0.29402
52 0.27097
53 0.2417
54 0.20746
55 0.18195
56 0.13068
57 0.098909
58 0.07002
59 0.03953
60 0.032669
61 0.026462
62 0.020908
63 0.015106
64 0.010245
65 0.007527
66 0.0057628
67 0.0042339
68 0.0033453
69 0.0029402
70 0.0018817
71 0.0013068
72 0.0010585
73 0.00071558
74 0.00056578
75 0.00038105
76 0.00020908
77 0.00010245
78 5.123e-05
79 2.0746e-05
80 1.3068e-05
81 5.6578e-06
82 2.0908e-06
83 1.1761e-06
84 3.3453e-07
85 1.3068e-07
86 2.0908e-08
87 1.3068e-09
