0	17.00000000
1	16.50000000
2	16.00000000
3	15.50000000
4	15.00000000
5	14.50000000
6	14.25000000
7	14.00000000
8	13.50000000
9	13.00000000
10	12.50000000
11	12.00000000
12	11.50000000
13	11.00000000
14	10.50000000
15	10.00000000
16	9.39413063
17	8.82496903
18	8.29029118
19	7.79000000
20	7.31615629
21	6.87289279
22	6.45648526
23	6.07000000
24	5.69782825
25	5.35261429
26	5.02831578
27	4.72366553
28	4.43747310
29	4.16862020
30	3.91605627
31	3.68000000
32	3.45590753
33	3.24652467
34	3.04982769
35	2.86500000
36	2.69146349
37	2.52839596
38	2.37520819
39	2.23200000
40	2.09611387
41	1.96911675
42	1.84981400
43	1.73800000
44	1.63245512
45	1.53354967
46	1.44063659
47	1.35300000
48	1.19432968
49	1.05399225
50	0.93014489
51	0.82300000
52	0.72439757
53	0.63927861
54	0.56416140
55	0.50000000
56	0.43936934
57	0.38774208
58	0.34218118
59	0.30300000
60	0.26649097
61	0.23517746
62	0.20754338
63	0.18400000
64	0.14264234
65	0.11108997
66	0.08651695
67	0.06760000
68	0.05247518
69	0.04086771
70	0.03182781
71	0.02480000
72	0.01930454
73	0.01503439
74	0.01170880
75	0.00912000
76	0.00710174
77	0.00553084
78	0.00430743
79	0.00335000
80	0.00261259
81	0.00203468
82	0.00158461
83	0.00123500
84	0.00096112
85	0.00074852
86	0.00058295
87	0.00045400
88	0.00035358
89	0.00027536
90	0.00021445
91	0.00016700
