0 20
1 18.9
2 17.9
3 17
4 15
5 13.5
6 12
7 10
8 7.79
9 6.07
10 4.724
11 3.68
12 2.865
13 2.232
14 1.738
15 1.353
16 1.194
17 1.054
18 0.9301
19 0.823
20 0.7244
21 0.6393
22 0.5642
23 0.5
24 0.4394
25 0.3877
26 0.303
27 0.2352
28 0.184
29 0.1426
30 0.1111
31 0.08652
32 0.0676
33 0.05248
34 0.04087
35 0.03183
36 0.02809
37 0.02606
38 0.0248
39 0.02188
40 0.01931
41 0.01704
42 0.01503
43 0.01327
44 0.01171
45 0.01033
46 0.00912
47 0.008047
48 0.007102
49 0.006267
50 0.005531
51 0.004881
52 0.004307
53 0.003801
54 0.00335
55 0.00296
56 0.002613
57 0.002306
58 0.002035
59 0.001796
60 0.001585
61 0.001398
62 0.001235
63 0.001089
64 0.0009611
65 0.0007485
66 0.000583
67 0.000454
68 0.0003536
69 0.0002754
70 0.000167
71 0.0001013
72 6.14e-05
73 3.727e-05
74 2.26e-05
75 1.371e-05
76 8.32e-06
77 5.044e-06
78 3.06e-06
79 2.7e-06
80 2.382e-06
81 2.102e-06
82 1.855e-06
83 1.726e-06
84 1.595e-06
85 1.457e-06
86 1.308e-06
87 1.166e-06
88 1.13e-06
89 1.099e-06
90 1.072e-06
91 1.062e-06
92 1.053e-06
93 1.043e-06
94 1.014e-06
95 9.92e-07
96 9.71e-07
97 9.507e-07
98 9.1e-07
99 8.764e-07
100 8.337e-07
101 7.821e-07
102 6.251e-07
103 5.032e-07
104 4.14e-07
105 3.577e-07
106 3.206e-07
107 3.011e-07
108 2.907e-07
109 2.705e-07
110 2.51e-07
111 2.277e-07
112 1.844e-07
113 1.52e-07
114 1.457e-07
115 1.116e-07
116 8.197e-08
117 6.7e-08
118 5.692e-08
119 5e-08
120 4.276e-08
121 3.55e-08
122 3.061e-08
123 2.55e-08
124 2.049e-08
125 1.24e-08
126 6.325e-09
127 2.277e-09
128 7.602e-10
129 1.39e-10
130 1e-11
