0 17
1 16.5
2 16
3 15.5
4 15
5 14.5
6 14.25
7 14
8 13.5
9 13
10 12.5
11 12
12 11.5
13 11
14 10.5
15 10
16 9.39413
17 8.82497
18 8.29029
19 7.79
20 7.31616
21 6.87289
22 6.45649
23 6.07
24 5.69783
25 5.35261
26 5.02832
27 4.72367
28 4.43747
29 4.16862
30 3.91606
31 3.68
32 3.45591
33 3.24652
34 3.04983
35 2.865
36 2.69146
37 2.5284
38 2.37521
39 2.232
40 2.09611
41 1.96912
42 1.84981
43 1.738
44 1.63246
45 1.53355
46 1.44064
47 1.353
48 1.19433
49 1.05399
50 0.930145
51 0.823
52 0.724398
53 0.639279
54 0.564161
55 0.5
56 0.439369
57 0.387742
58 0.342181
59 0.303
60 0.266491
61 0.235177
62 0.207543
63 0.184
64 0.142642
65 0.11109
66 0.086517
67 0.0676
68 0.0524752
69 0.0408677
70 0.0318278
71 0.0248
72 0.0193045
73 0.0150344
74 0.0117088
75 0.00912
76 0.00710174
77 0.00553084
78 0.00430743
79 0.00335
80 0.00261259
81 0.00203468
82 0.00158461
83 0.001235
84 0.000961117
85 0.000748518
86 0.000582947
87 0.000454
88 0.000353575
89 0.000275364
90 0.000214454
91 0.000167
92 0.000130073
93 0.000101301
94 7.88932e-05
95 6.14e-05
96 4.78512e-05
97 3.72665e-05
98 2.90232e-05
99 2.26e-05
100 1.76035e-05
101 1.37096e-05
102 1.0677e-05
103 8.32e-06
104 6.47595e-06
105 5.04348e-06
106 3.92786e-06
107 3.06e-06
108 2.38237e-06
109 1.85539e-06
110 1.44498e-06
111 1.13e-06
112 8.76425e-07
113 6.8256e-07
114 5.31579e-07
115 4.14e-07
116 3.22419e-07
117 2.511e-07
118 1.95557e-07
119 1.52e-07
120 9.23745e-08
121 5.6028e-08
122 3.39827e-08
123 2.06115e-08
124 1.25015e-08
125 8.07159e-09
126 4.89567e-09
127 2.96937e-09
128 1.80102e-09
129 1.09237e-09
130 6.62557e-10
131 4.01861e-10
132 2.43741e-10
133 1.39e-10
