0	1.00000000000000E-05
1	4.23558357164050E-05
2	1.39000000000000E-04
3	2.43741005558083E-04
4	4.01860980405450E-04
5	6.62556746258873E-04
6	1.09237140060287E-03
7	1.80101596367844E-03
8	2.96937332818714E-03
9	4.89566896683177E-03
10	8.07159355992206E-03
11	1.25015286638674E-02
12	2.06115362243856E-02
13	3.39826781949507E-02
14	5.60279643753727E-02
15	9.23744966197059E-02
16	1.52000000000000E-01
17	1.95556810878505E-01
18	2.51099915574398E-01
19	3.22418673725673E-01
20	4.14000000000000E-01
21	5.31578525442442E-01
22	6.82560337633487E-01
23	8.76424821944364E-01
24	1.13000000000000E+00
25	1.44498024610924E+00
26	1.85539136261598E+00
27	2.38236966750182E+00
28	3.06000000000000E+00
29	3.92786354548104E+00
30	5.04347662567888E+00
31	6.47595217584221E+00
32	8.32000000000000E+00
33	1.06770401003478E+01
34	1.37095908638408E+01
35	1.76034631215617E+01
36	2.26000000000000E+01
37	2.90232040865040E+01
38	3.72665317207867E+01
39	4.78511739212901E+01
40	6.14000000000000E+01
41	7.88932482720022E+01
42	1.01300935986307E+02
43	1.30072976540676E+02
44	1.67000000000000E+02
45	2.14454083165892E+02
46	2.75364493497472E+02
47	3.53575008504100E+02
48	4.54000000000000E+02
49	5.82946637308688E+02
50	7.48518298877006E+02
51	9.61116520613947E+02
52	1.23500000000000E+03
53	1.58461325115751E+03
54	2.03468369010644E+03
55	2.61258557301668E+03
56	3.35000000000000E+03
57	4.30742540575688E+03
58	5.53084370147834E+03
59	7.10174388842549E+03
60	9.12000000000000E+03
61	1.17087962079117E+04
62	1.50343919297757E+04
63	1.93045413622771E+04
64	2.48000000000000E+04
65	3.18278079650967E+04
66	4.08677143846407E+04
67	5.24751839918137E+04
68	6.76000000000000E+04
69	8.65169520312063E+04
70	1.11089965382423E+05
71	1.42642339089993E+05
72	1.84000000000000E+05
73	2.07543378736997E+05
74	2.35177458560091E+05
75	2.66490973363555E+05
76	3.03000000000000E+05
77	3.42181183116660E+05
78	3.87742078317220E+05
79	4.39369336234074E+05
80	5.00000000000000E+05
81	5.64161395037774E+05
82	6.39278612067076E+05
83	7.24397570342515E+05
84	8.23000000000000E+05
85	9.30144892106635E+05
86	1.05399224561864E+06
87	1.19432968266720E+06
88	1.35300000000000E+06
89	1.44063659101453E+06
90	1.53354966844928E+06
91	1.63245512453958E+06
92	1.73800000000000E+06
93	1.84981399907304E+06
94	1.96911675204194E+06
95	2.09611387151098E+06
96	2.23200000000000E+06
97	2.37520819095458E+06
98	2.52839595804746E+06
99	2.69146348729184E+06
100	2.86500000000000E+06
101	3.04982768711059E+06
102	3.24652467358350E+06
103	3.45590752576975E+06
104	3.68000000000000E+06
105	3.91605626676799E+06
106	4.16862019678508E+06
107	4.43747310081080E+06
108	4.72366552741015E+06
109	5.02831577970941E+06
110	5.35261428518990E+06
111	5.69782824730923E+06
112	6.07000000000000E+06
113	6.45648526427892E+06
114	6.87289278790972E+06
115	7.31615628946642E+06
116	7.79000000000000E+06
117	8.29029118180400E+06
118	8.82496902584595E+06
119	9.39413062813476E+06
120	1.00000000000000E+07
121	1.05000000000000E+07
122	1.10000000000000E+07
123	1.15000000000000E+07
124	1.20000000000000E+07
125	1.25000000000000E+07
126	1.30000000000000E+07
127	1.35000000000000E+07
128	1.40000000000000E+07
129	1.42500000000000E+07
130	1.45000000000000E+07
131	1.50000000000000E+07
132	1.55000000000000E+07
133	1.60000000000000E+07
134	1.65000000000000E+07
135	1.70000000000000E+07
136	1.75000000000000E+07
137	1.80000000000000E+07
138	1.85000000000000E+07
139	1.90000000000000E+07
140	1.95000000000000E+07
141	2.00000000000000E+07
