0 17
1 16.75
2 16.5
3 16.25
4 16
5 15.75
6 15.5
7 15.25
8 15
9 14.75
10 14.5
11 14.25
12 14
13 13.75
14 13.5
15 13.25
16 13
17 12.75
18 12.5
19 12.25
20 12
21 11.75
22 11.5
23 11.25
24 11
25 10.75
26 10.5
27 10.25
28 10
29 9.69233
30 9.39413
31 9.1051
32 8.82497
33 8.55345
34 8.29029
35 8.03523
36 7.79
37 7.5484
38 7.31616
39 7.09106
40 6.87289
41 6.66144
42 6.45649
43 6.25784
44 6.07
45 5.8787
46 5.69783
47 5.52252
48 5.35261
49 5.18793
50 5.02832
51 4.87361
52 4.72367
53 4.57833
54 4.43747
55 4.30095
56 4.16862
57 4.04037
58 3.91606
59 3.79557
60 3.68
61 3.56561
62 3.45591
63 3.34958
64 3.24652
65 3.14664
66 3.04983
67 2.95599
68 2.865
69 2.7769
70 2.69146
71 2.60866
72 2.5284
73 2.45061
74 2.37521
75 2.30213
76 2.232
77 2.16265
78 2.09611
79 2.03162
80 1.96912
81 1.90853
82 1.84981
83 1.7929
84 1.738
85 1.68427
86 1.63246
87 1.58223
88 1.53355
89 1.48637
90 1.44064
91 1.39631
92 1.353
93 1.27136
94 1.19433
95 1.12197
96 1.05399
97 0.990134
98 0.930145
99 0.87379
100 0.823
101 0.771117
102 0.724398
103 0.680509
104 0.639279
105 0.600547
106 0.564161
107 0.529981
108 0.5
109 0.467706
110 0.439369
111 0.412749
112 0.387742
113 0.36425
114 0.342181
115 0.321449
116 0.303
117 0.283678
118 0.266491
119 0.250345
120 0.235177
121 0.220929
122 0.207543
123 0.194969
124 0.184
125 0.161635
126 0.142642
127 0.125881
128 0.11109
129 0.0980366
130 0.086517
131 0.0763509
132 0.0676
133 0.0594622
134 0.0524752
135 0.0463092
136 0.0408677
137 0.0360656
138 0.0318278
139 0.0280879
140 0.0248
141 0.0218749
142 0.0193045
143 0.0170362
144 0.0150344
145 0.0132678
146 0.0117088
147 0.010333
148 0.00912
149 0.00804733
150 0.00710174
151 0.00626727
152 0.00553084
153 0.00488095
154 0.00430743
155 0.00380129
156 0.00335
157 0.00296045
158 0.00261259
159 0.0023056
160 0.00203468
161 0.0017956
162 0.00158461
163 0.00139842
164 0.001235
165 0.00108909
166 0.000961117
167 0.000848182
168 0.000748518
169 0.000660565
170 0.000582947
171 0.000514449
172 0.000454
173 0.000400653
174 0.000353575
175 0.000312029
176 0.000275364
177 0.000243008
178 0.000214454
179 0.000189255
180 0.000167
181 0.000147392
182 0.000130073
183 0.000114789
184 0.000101301
185 8.93978e-05
186 7.88932e-05
187 6.9623e-05
188 6.14e-05
189 5.42225e-05
190 4.78512e-05
191 4.22285e-05
192 3.72665e-05
193 3.28876e-05
194 2.90232e-05
195 2.56129e-05
196 2.26e-05
197 1.99473e-05
198 1.76035e-05
199 1.5535e-05
200 1.37096e-05
201 1.20987e-05
202 1.0677e-05
203 9.42245e-06
204 8.32e-06
205 7.33822e-06
206 6.47595e-06
207 5.71501e-06
208 5.04348e-06
209 4.45085e-06
210 3.92786e-06
211 3.46633e-06
212 3.06e-06
213 2.69958e-06
214 2.38237e-06
215 2.10243e-06
216 1.85539e-06
217 1.63738e-06
218 1.44498e-06
219 1.27519e-06
220 1.13e-06
221 9.93119e-07
222 8.76425e-07
223 7.73442e-07
224 6.8256e-07
225 6.02357e-07
226 5.31579e-07
227 4.69116e-07
228 4.14e-07
229 3.65348e-07
230 3.22419e-07
231 2.84533e-07
232 2.511e-07
233 2.21595e-07
234 1.95557e-07
235 1.72578e-07
236 1.52e-07
237 9.23745e-08
238 5.6028e-08
239 3.39827e-08
240 2.06115e-08
241 1.25015e-08
242 8.07159e-09
243 4.89567e-09
244 2.96937e-09
245 1.80102e-09
246 1.09237e-09
247 6.62557e-10
248 4.01861e-10
249 2.43741e-10
250 1.39e-10
