0	1.00000000000000E-05
1	4.23558357164050E-05
2	1.39000000000000E-04
3	2.43741005558083E-04
4	4.01860980405450E-04
5	6.62556746258873E-04
6	1.09237140060287E-03
7	1.80101596367844E-03
8	2.96937332818714E-03
9	4.89566896683177E-03
10	8.07159355992206E-03
11	1.25015286638674E-02
12	2.06115362243856E-02
13	3.39826781949507E-02
14	5.60279643753727E-02
15	9.23744966197059E-02
16	1.52000000000000E-01
17	1.72578279879602E-01
18	1.95556810878505E-01
19	2.21594897733660E-01
20	2.51099915574398E-01
21	2.84533480898340E-01
22	3.22418673725673E-01
23	3.65348221372105E-01
24	4.14000000000000E-01
25	4.69116402183442E-01
26	5.31578525442442E-01
27	6.02357383788648E-01
28	6.82560337633487E-01
29	7.73442190714156E-01
30	8.76424821944364E-01
31	9.93119431215624E-01
32	1.13000000000000E+00
33	1.27519059148733E+00
34	1.44498024610924E+00
35	1.63737713059081E+00
36	1.85539136261598E+00
37	2.10243385238185E+00
38	2.38236966750182E+00
39	2.69957850336301E+00
40	3.06000000000000E+00
41	3.46632741266196E+00
42	3.92786354548104E+00
43	4.45085250041942E+00
44	5.04347662567888E+00
45	5.71500773646672E+00
46	6.47595217584221E+00
47	7.33821519019035E+00
48	8.32000000000000E+00
49	9.42245481732848E+00
50	1.06770401003478E+01
51	1.20986714730416E+01
52	1.37095908638408E+01
53	1.55350016795403E+01
54	1.76034631215617E+01
55	1.99473370048166E+01
56	2.26000000000000E+01
57	2.56128877094204E+01
58	2.90232040865040E+01
59	3.28875988136648E+01
60	3.72665317207867E+01
61	4.22285127705753E+01
62	4.78511739212901E+01
63	5.42224837063415E+01
64	6.14000000000000E+01
65	6.96230472348795E+01
66	7.88932482720022E+01
67	8.93977622368364E+01
68	1.01300935986307E+02
69	1.14788998907105E+02
70	1.30072976540676E+02
71	1.47391992152865E+02
72	1.67000000000000E+02
73	1.89255064140519E+02
74	2.14454083165892E+02
75	2.43008312593295E+02
76	2.75364493497472E+02
77	3.12028849836190E+02
78	3.53575008504100E+02
79	4.00652973929511E+02
80	4.54000000000000E+02
81	5.14448601797023E+02
82	5.82946637308688E+02
83	6.60565080286848E+02
84	7.48518298877006E+02
85	8.48182352464692E+02
86	9.61116520613947E+02
87	1.08908769855066E+03
88	1.23500000000000E+03
89	1.39841628594101E+03
90	1.58461325115751E+03
91	1.79560205425833E+03
92	2.03468369010644E+03
93	2.30559867592442E+03
94	2.61258557301668E+03
95	2.96044730056855E+03
96	3.35000000000000E+03
97	3.80128957869464E+03
98	4.30742540575688E+03
99	4.88095243523415E+03
100	5.53084370147834E+03
101	6.26726698448458E+03
102	7.10174388842549E+03
103	8.04733010124613E+03
104	9.12000000000000E+03
105	1.03329763864764E+04
106	1.17087962079117E+04
107	1.32678043102699E+04
108	1.50343919297757E+04
109	1.70361979580257E+04
110	1.93045413622771E+04
111	2.18749111818289E+04
112	2.48000000000000E+04
113	2.80879419452551E+04
114	3.18278079650967E+04
115	3.60656313601573E+04
116	4.08677143846407E+04
117	4.63091873353325E+04
118	5.24751839918137E+04
119	5.94621735647208E+04
120	6.76000000000000E+04
121	7.63509421885996E+04
122	8.65169520312063E+04
123	9.80365503582183E+04
124	1.11089965382423E+05
125	1.25881422424340E+05
126	1.42642339089993E+05
127	1.61634945881659E+05
128	1.84000000000000E+05
129	1.94968961085980E+05
130	2.07543378736997E+05
131	2.20928776650624E+05
132	2.35177458560091E+05
133	2.50345101499601E+05
134	2.66490973363555E+05
135	2.83678164497131E+05
136	3.03000000000000E+05
137	3.21449473268761E+05
138	3.42181183116660E+05
139	3.64249973373642E+05
140	3.87742078317220E+05
141	4.12749293857975E+05
142	4.39369336234074E+05
143	4.67706223839590E+05
144	5.00000000000000E+05
145	5.29980584033558E+05
146	5.64161395037774E+05
147	6.00546678953079E+05
148	6.39278612067076E+05
149	6.80508540250102E+05
150	7.24397570342515E+05
151	7.71117199683167E+05
152	8.23000000000000E+05
153	8.73790261954204E+05
154	9.30144892106635E+05
155	9.90134083638263E+05
156	1.05399224561864E+06
157	1.12196890520344E+06
158	1.19432968266720E+06
159	1.27135732932036E+06
160	1.35300000000000E+06
161	1.39631286281399E+06
162	1.44063659101453E+06
163	1.48636730538123E+06
164	1.53354966844928E+06
165	1.58222976049498E+06
166	1.63245512453958E+06
167	1.68427481278184E+06
168	1.73800000000000E+06
169	1.79290120550119E+06
170	1.84981399907304E+06
171	1.90853339864316E+06
172	1.96911675204194E+06
173	2.03162322751532E+06
174	2.09611387151098E+06
175	2.16265166829887E+06
176	2.23200000000000E+06
177	2.30213071747361E+06
178	2.37520819095458E+06
179	2.45060539245526E+06
180	2.52839595804746E+06
181	2.60865586126285E+06
182	2.69146348729184E+06
183	2.77689970953790E+06
184	2.86500000000000E+06
185	2.95599435377371E+06
186	3.04982768711059E+06
187	3.14663961018459E+06
188	3.24652467358350E+06
189	3.34958042925295E+06
190	3.45590752576975E+06
191	3.56560980663947E+06
192	3.68000000000000E+06
193	3.79557188183090E+06
194	3.91605626676799E+06
195	4.04036523663342E+06
196	4.16862019678508E+06
197	4.30094640640062E+06
198	4.43747310081080E+06
199	4.57833361771614E+06
200	4.72366552741015E+06
201	4.87361076713619E+06
202	5.02831577970941E+06
203	5.18793165653889E+06
204	5.35261428518990E+06
205	5.52252450163020E+06
206	5.69782824730923E+06
207	5.87869673122347E+06
208	6.07000000000000E+06
209	6.16082127790678E+06
210	6.25784009604591E+06
211	6.35638673826052E+06
212	6.45648526427892E+06
213	6.55816011271502E+06
214	6.66143610703488E+06
215	6.76633846161729E+06
216	6.87289278790972E+06
217	6.98112510068126E+06
218	7.09106182437398E+06
219	7.20272979955440E+06
220	7.31615628946642E+06
221	7.43136898668758E+06
222	7.54839601989007E+06
223	7.66726596070820E+06
224	7.79000000000000E+06
225	7.91065110850296E+06
226	8.03522573689061E+06
227	8.16176213022340E+06
228	8.29029118180400E+06
229	8.42084427143382E+06
230	8.55345327307423E+06
231	8.68815056262843E+06
232	8.82496902584595E+06
233	8.96394206635151E+06
234	9.10510361380034E+06
235	9.24848813216205E+06
236	9.39413062813476E+06
237	9.54206665969188E+06
238	9.69233234476344E+06
239	9.84496437005408E+06
240	1.00000000000000E+07
241	1.01250000000000E+07
242	1.02500000000000E+07
243	1.03750000000000E+07
244	1.05000000000000E+07
245	1.06250000000000E+07
246	1.07500000000000E+07
247	1.08750000000000E+07
248	1.10000000000000E+07
249	1.11250000000000E+07
250	1.12500000000000E+07
251	1.13750000000000E+07
252	1.15000000000000E+07
253	1.16250000000000E+07
254	1.17500000000000E+07
255	1.18750000000000E+07
256	1.20000000000000E+07
257	1.21250000000000E+07
258	1.22500000000000E+07
259	1.23750000000000E+07
260	1.25000000000000E+07
261	1.26250000000000E+07
262	1.27500000000000E+07
263	1.28750000000000E+07
264	1.30000000000000E+07
265	1.31250000000000E+07
266	1.32500000000000E+07
267	1.33750000000000E+07
268	1.35000000000000E+07
269	1.36250000000000E+07
270	1.37500000000000E+07
271	1.38750000000000E+07
272	1.40000000000000E+07
273	1.41250000000000E+07
274	1.42500000000000E+07
275	1.43750000000000E+07
276	1.45000000000000E+07
277	1.46250000000000E+07
278	1.47500000000000E+07
279	1.48750000000000E+07
280	1.50000000000000E+07
281	1.51250000000000E+07
282	1.52500000000000E+07
283	1.55000000000000E+07
284	1.57500000000000E+07
285	1.60000000000000E+07
286	1.62500000000000E+07
287	1.65000000000000E+07
288	1.67500000000000E+07
289	1.70000000000000E+07
290	1.72500000000000E+07
291	1.75000000000000E+07
292	1.77500000000000E+07
293	1.80000000000000E+07
294	1.82500000000000E+07
295	1.85000000000000E+07
296	1.87500000000000E+07
297	1.90000000000000E+07
298	1.92500000000000E+07
299	1.95000000000000E+07
300	1.97500000000000E+07
301	2.00000000000000E+07
