0	2.00000000000000E+01
1	1.98750000000000E+01
2	1.97500000000000E+01
3	1.96250000000000E+01
4	1.95000000000000E+01
5	1.93750000000000E+01
6	1.92500000000000E+01
7	1.91250000000000E+01
8	1.90000000000000E+01
9	1.88750000000000E+01
10	1.87500000000000E+01
11	1.86250000000000E+01
12	1.85000000000000E+01
13	1.83750000000000E+01
14	1.82500000000000E+01
15	1.81250000000000E+01
16	1.80000000000000E+01
17	1.78750000000000E+01
18	1.77500000000000E+01
19	1.76250000000000E+01
20	1.75000000000000E+01
21	1.73750000000000E+01
22	1.72500000000000E+01
23	1.71250000000000E+01
24	1.70000000000000E+01
25	1.68750000000000E+01
26	1.67500000000000E+01
27	1.66250000000000E+01
28	1.65000000000000E+01
29	1.63750000000000E+01
30	1.62500000000000E+01
31	1.61250000000000E+01
32	1.60000000000000E+01
33	1.58750000000000E+01
34	1.57500000000000E+01
35	1.56250000000000E+01
36	1.55000000000000E+01
37	1.53750000000000E+01
38	1.52500000000000E+01
39	1.51250000000000E+01
40	1.50000000000000E+01
41	1.48750000000000E+01
42	1.47500000000000E+01
43	1.46250000000000E+01
44	1.45000000000000E+01
45	1.43750000000000E+01
46	1.42500000000000E+01
47	1.41250000000000E+01
48	1.40000000000000E+01
49	1.38750000000000E+01
50	1.37500000000000E+01
51	1.36250000000000E+01
52	1.35000000000000E+01
53	1.33750000000000E+01
54	1.32500000000000E+01
55	1.31250000000000E+01
56	1.30000000000000E+01
57	1.28750000000000E+01
58	1.27500000000000E+01
59	1.26250000000000E+01
60	1.25000000000000E+01
61	1.23750000000000E+01
62	1.22500000000000E+01
63	1.21250000000000E+01
64	1.20000000000000E+01
65	1.18750000000000E+01
66	1.17500000000000E+01
67	1.16250000000000E+01
68	1.15000000000000E+01
69	1.13750000000000E+01
70	1.12500000000000E+01
71	1.11250000000000E+01
72	1.10000000000000E+01
73	1.08750000000000E+01
74	1.07500000000000E+01
75	1.06250000000000E+01
76	1.05000000000000E+01
77	1.03750000000000E+01
78	1.02500000000000E+01
79	1.01250000000000E+01
80	1.00000000000000E+01
81	9.84496437005408E+00
82	9.69233234476344E+00
83	9.54206665969188E+00
84	9.39413062813476E+00
85	9.24848813216205E+00
86	9.10510361380034E+00
87	8.96394206635151E+00
88	8.82496902584595E+00
89	8.68815056262843E+00
90	8.55345327307423E+00
91	8.42084427143382E+00
92	8.29029118180400E+00
93	8.16176213022340E+00
94	8.03522573689061E+00
95	7.91065110850296E+00
96	7.79000000000000E+00
97	7.66726596070820E+00
98	7.54839601989007E+00
99	7.43136898668758E+00
100	7.31615628946642E+00
101	7.20272979955440E+00
102	7.09106182437398E+00
103	6.98112510068126E+00
104	6.87289278790972E+00
105	6.76633846161729E+00
106	6.66143610703488E+00
107	6.55816011271502E+00
108	6.45648526427892E+00
109	6.35638673826052E+00
110	6.25784009604591E+00
111	6.16082127790678E+00
112	6.07000000000000E+00
113	5.97127273421627E+00
114	5.87869673122347E+00
115	5.78755598612484E+00
116	5.69782824730923E+00
117	5.60949160814471E+00
118	5.52252450163020E+00
119	5.43690569513000E+00
120	5.35261428518990E+00
121	5.26962969243371E+00
122	5.18793165653889E+00
123	5.10750023129011E+00
124	5.02831577970941E+00
125	4.95035896926199E+00
126	4.87361076713619E+00
127	4.79805243559677E+00
128	4.72366552741015E+00
129	4.65043188134056E+00
130	4.57833361771614E+00
131	4.50735313406362E+00
132	4.43747310081080E+00
133	4.36867645705557E+00
134	4.30094640640062E+00
135	4.23426641285263E+00
136	4.16862019678508E+00
137	4.10399173096370E+00
138	4.04036523663342E+00
139	3.91605626676799E+00
140	3.79557188183090E+00
141	3.68000000000000E+00
142	3.56560980663947E+00
143	3.45590752576975E+00
144	3.34958042925295E+00
145	3.24652467358350E+00
146	3.14663961018459E+00
147	3.04982768711059E+00
148	2.95599435377371E+00
149	2.86500000000000E+00
150	2.77689970953790E+00
151	2.69146348729184E+00
152	2.60865586126285E+00
153	2.52839595804746E+00
154	2.45060539245526E+00
155	2.37520819095458E+00
156	2.30213071747361E+00
157	2.23200000000000E+00
158	2.16265166829887E+00
159	2.09611387151098E+00
160	2.03162322751532E+00
161	1.96911675204194E+00
162	1.90853339864316E+00
163	1.84981399907304E+00
164	1.79290120550119E+00
165	1.73800000000000E+00
166	1.68427481278184E+00
167	1.63245512453958E+00
168	1.58222976049498E+00
169	1.53354966844928E+00
170	1.48636730538123E+00
171	1.44063659101453E+00
172	1.39631286281399E+00
173	1.35300000000000E+00
174	1.31171454310194E+00
175	1.27135732932036E+00
176	1.23224177647237E+00
177	1.19432968266720E+00
178	1.15758402136263E+00
179	1.12196890520344E+00
180	1.08744955097221E+00
181	1.05399224561864E+00
182	1.02156431333394E+00
183	9.90134083638263E-01
184	9.59670860449985E-01
185	9.30144892106635E-01
186	9.01527342308164E-01
187	8.73790261954204E-01
188	8.46906561847805E-01
189	8.23000000000000E-01
190	7.95595087182277E-01
191	7.71117199683167E-01
192	7.47392417609257E-01
193	7.24397570342515E-01
194	7.02110200149880E-01
195	6.80508540250102E-01
196	6.59571493555382E-01
197	6.39278612067076E-01
198	6.19610076905320E-01
199	6.00546678953079E-01
200	5.82069800095720E-01
201	5.64161395037774E-01
202	5.46803973679148E-01
203	5.29980584033558E-01
204	5.13674795672507E-01
205	5.00000000000000E-01
206	4.82552813092796E-01
207	4.67706223839590E-01
208	4.53316416116763E-01
209	4.39369336234074E-01
210	4.25851362887876E-01
211	4.12749293857975E-01
212	4.00050333113793E-01
213	3.87742078317220E-01
214	3.75812508709979E-01
215	3.64249973373642E-01
216	3.53043179850858E-01
217	3.42181183116660E-01
218	3.31653374889103E-01
219	3.21449473268761E-01
220	3.11559512696998E-01
221	3.03000000000000E-01
222	2.92683076071361E-01
223	2.83678164497131E-01
224	2.74950304925867E-01
225	2.66490973363555E-01
226	2.58291908071908E-01
227	2.50345101499601E-01
228	2.42642792461767E-01
229	2.35177458560091E-01
230	2.27941808836123E-01
231	2.20928776650624E-01
232	2.14131512781987E-01
233	2.07543378736997E-01
234	2.01157940267409E-01
235	1.94968961085980E-01
236	1.88970396775857E-01
237	1.84000000000000E-01
238	1.77521259216285E-01
239	1.72059504258514E-01
240	1.66765789834876E-01
241	1.61634945881659E-01
242	1.56661961401289E-01
243	1.51841979568379E-01
244	1.47170292986351E-01
245	1.42642339089993E-01
246	1.38253695689465E-01
247	1.34000076651408E-01
248	1.29877327712922E-01
249	1.25881422424340E-01
250	1.22008458216826E-01
251	1.18254652590966E-01
252	1.14616339422619E-01
253	1.11089965382423E-01
254	1.07672086465471E-01
255	1.04359364627745E-01
256	1.01148564526046E-01
257	9.80365503582183E-02
258	9.50202828005989E-02
259	9.20968160396814E-02
260	8.92632948951132E-02
261	8.65169520312063E-02
262	8.38551052542408E-02
263	8.12751548929221E-02
264	7.87745812594328E-02
265	7.63509421885996E-02
266	7.40018706527728E-02
267	7.17250724500870E-02
268	6.95183239638479E-02
269	6.76000000000000E-02
270	6.53064216365378E-02
271	6.32971542748575E-02
272	6.13497055709682E-02
273	5.94621735647209E-02
274	5.76327148131282E-02
275	5.58595425899810E-02
276	5.41409251408564E-02
277	5.24751839918138E-02
278	5.08606923101270E-02
279	4.92958733154505E-02
280	4.77791987398702E-02
281	4.63091873353325E-02
282	4.48844034269952E-02
283	4.35034555110877E-02
284	4.21649948959093E-02
285	4.08677143846407E-02
286	3.96103469986807E-02
287	3.83916647402616E-02
288	3.72104773931352E-02
289	3.60656313601573E-02
290	3.49560085366367E-02
291	3.38805252183471E-02
292	3.28381310431359E-02
293	3.18278079650967E-02
294	3.08485692603026E-02
295	2.98994585631306E-02
296	2.89795489322345E-02
297	2.80879419452551E-02
298	2.72237668213834E-02
299	2.63861795709192E-02
300	2.55743621709957E-02
301	2.48000000000000E-02
302	2.40248898965561E-02
303	2.32857217423771E-02
304	2.25692954014803E-02
305	2.18749111818289E-02
306	2.12018909186467E-02
307	2.05495773120946E-02
308	1.99173332853231E-02
309	1.93045413622771E-02
310	1.87106030646422E-02
311	1.81349383273462E-02
312	1.75769849320427E-02
313	1.70361979580257E-02
314	1.65120492500366E-02
315	1.60040269024456E-02
316	1.55116347593038E-02
317	1.50343919297757E-02
318	1.45718323184816E-02
319	1.41235041702888E-02
320	1.36889696291092E-02
321	1.32678043102699E-02
322	1.28595968860421E-02
323	1.24639486839205E-02
324	1.20804732972634E-02
325	1.17087962079117E-02
326	1.13485544204187E-02
327	1.09993961075332E-02
328	1.06609802665909E-02
329	1.03329763864764E-02
330	1.00150641248322E-02
331	9.70693299519909E-03
332	9.40828206378196E-03
333	9.12000000000000E-03
334	8.83826306935050E-03
335	8.56633830185941E-03
336	8.30277977992978E-03
337	8.04733010124613E-03
338	7.79973978292963E-03
339	7.55976701788271E-03
340	7.32717743863004E-03
341	7.10174388842549E-03
342	6.88324619940125E-03
343	6.67147097754267E-03
344	6.46621139427874E-03
345	6.26726698448458E-03
346	6.07444345069879E-03
347	5.88755247336443E-03
348	5.70641152690821E-03
349	5.53084370147834E-03
350	5.36067753016696E-03
351	5.19574682154838E-03
352	5.03589049736953E-03
353	4.88095243523415E-03
354	4.73078131612718E-03
355	4.58523047663021E-03
356	4.44415776568380E-03
357	4.30742540575688E-03
358	4.17489985828732E-03
359	4.04645169326264E-03
360	3.92195546281323E-03
361	3.80128957869464E-03
362	3.68433619353942E-03
363	3.57098108576248E-03
364	3.46111354800741E-03
365	3.35000000000000E-03
366	3.25141527887886E-03
367	3.15137974737356E-03
368	3.05442198561012E-03
369	2.96044730056855E-03
370	2.86936391262682E-03
371	2.78108286592499E-03
372	2.69551794148722E-03
373	2.61258557301668E-03
374	2.53220476528119E-03
375	2.45429701500989E-03
376	2.37878623422368E-03
377	2.30559867592442E-03
378	2.23466286207060E-03
379	2.16590951376885E-03
380	2.09927148361327E-03
381	2.03468369010644E-03
382	1.97208305409813E-03
383	1.91140843717952E-03
384	1.85260058197288E-03
385	1.79560205425833E-03
386	1.74035718688117E-03
387	1.68681202538499E-03
388	1.63491427531748E-03
389	1.58461325115751E-03
390	1.53585982681347E-03
391	1.48860638764470E-03
392	1.44280678395902E-03
393	1.39841628594101E-03
394	1.35539153996700E-03
395	1.31369052626409E-03
396	1.27327251787187E-03
397	1.23500000000000E-03
398	1.19612883581024E-03
399	1.15932782038279E-03
400	1.12365905316802E-03
401	1.08908769855066E-03
402	1.05557999269466E-03
403	1.02310321056796E-03
404	9.61116520613947E-04
405	9.02885414350579E-04
406	8.48182352464692E-04
407	7.96793581553195E-04
408	7.48518298877006E-04
409	7.03167867719981E-04
410	6.60565080286848E-04
411	6.20543465259898E-04
412	5.82946637308688E-04
413	5.47627686010971E-04
414	5.14448601797023E-04
415	4.83279736674251E-04
416	4.54000000000000E-04
417	4.26492870696926E-04
418	4.00652973929511E-04
419	3.76378637364449E-04
420	3.53575008504100E-04
421	3.32152981673137E-04
422	3.12028849836190E-04
423	2.93123977510781E-04
424	2.75364493497472E-04
425	2.58681002226541E-04
426	2.43008312593295E-04
427	2.28285183222401E-04
428	2.14454083165892E-04
429	2.01460967099726E-04
430	1.89255064140519E-04
431	1.77788679457205E-04
432	1.67000000000000E-04
433	1.56897958935589E-04
434	1.47391992152865E-04
435	1.38461962782503E-04
436	1.30072976540676E-04
437	1.22192253281342E-04
438	1.14788998907105E-04
439	1.07834285040617E-04
440	1.01300935986307E-04
441	9.51634225407686E-05
442	8.93977622368364E-05
443	8.39814256315774E-05
444	7.88932482720022E-05
445	7.41133479945056E-05
446	6.96230472348795E-05
447	6.54048000453254E-05
448	6.14000000000000E-05
449	5.77195334541645E-05
450	5.42224837063415E-05
451	5.09373094919281E-05
452	4.78511739212901E-05
453	4.49520178526194E-05
454	4.22285127705753E-05
455	3.96700165198641E-05
456	3.72665317207867E-05
457	3.50086667042598E-05
458	3.28875988136648E-05
459	3.08950399301257E-05
460	2.90232040865040E-05
461	2.72647770435633E-05
462	2.56128877094204E-05
463	2.40610812906042E-05
464	2.26000000000000E-05
465	2.12338297117944E-05
466	1.99473370048166E-05
467	1.87387889506673E-05
468	1.76034631215617E-05
469	1.65369232071503E-05
470	1.55350016795403E-05
471	1.45937835085895E-05
472	1.37095908638408E-05
473	1.28789687433204E-05
474	1.20986714730416E-05
475	1.13656500244640E-05
476	1.06770401003478E-05
477	1.00301509424501E-05
478	9.42245481732848E-06
479	8.85157713916813E-06
480	8.32000000000000E-06
481	7.81148940830449E-06
482	7.33821519019035E-06
483	6.89361520740109E-06
484	6.47595217584221E-06
485	6.08359406814152E-06
486	5.71500773646672E-06
487	5.36875292171691E-06
488	5.04347662567888E-06
489	4.73790782415717E-06
490	4.45085250041942E-06
491	4.18118897955002E-06
492	3.92786354548104E-06
493	3.68988632357374E-06
494	3.46632741266196E-06
495	3.25631325144309E-06
496	3.06000000000000E-06
497	2.87368635824370E-06
498	2.69957850336301E-06
499	2.53601931014967E-06
500	2.38236966750182E-06
501	2.23802918610180E-06
502	2.10243385238185E-06
503	1.97505382462877E-06
504	1.85539136261598E-06
505	1.74297888267274E-06
506	1.63737713059081E-06
507	1.53817346522906E-06
508	1.44498024610924E-06
509	1.35743331870246E-06
510	1.27519059148733E-06
511	1.19793069922005E-06
512	1.13000000000000E-06
513	1.05717013157269E-06
514	9.93119431215624E-07
515	9.32949366617847E-07
516	8.76424821944364E-07
517	8.23324926308510E-07
518	7.73442190714156E-07
519	7.26581697287950E-07
520	6.82560337633487E-07
521	6.41206097331274E-07
522	6.02357383788648E-07
523	5.65862394813206E-07
524	5.31578525442442E-07
525	4.99371810711756E-07
526	4.69116402183442E-07
527	4.40694076191185E-07
528	4.14000000000000E-07
529	3.88911157226101E-07
530	3.65348221372105E-07
531	3.43212891632624E-07
532	3.22418673725673E-07
533	3.02884313792894E-07
534	2.84533480898340E-07
535	2.67294468763689E-07
536	2.51099915574398E-07
537	2.35886540761951E-07
538	2.21594897733660E-07
539	2.08169141583816E-07
540	1.95556810878505E-07
541	1.83708622661412E-07
542	1.72578279879602E-07
543	1.62122290476778E-07
544	1.52000000000000E-07
545	1.43072419185677E-07
546	1.34404099511350E-07
547	1.26260966776645E-07
548	1.18611201513438E-07
549	1.11424912097725E-07
550	1.04674017947447E-07
551	9.83321397970035E-08
552	9.23744966197059E-08
553	8.67778087953710E-08
554	8.15202071447017E-08
555	7.65811474749932E-08
556	7.19413303032538E-08
557	6.75826254430556E-08
558	6.34880011604368E-08
559	5.96414576220314E-08
560	5.60279643753727E-08
561	5.26334016170732E-08
562	4.94445050193864E-08
563	4.64488138995581E-08
564	4.36346225294370E-08
565	4.09909343950883E-08
566	3.85074192276762E-08
567	3.61743726377138E-08
568	3.39826781949507E-08
569	3.19237718057234E-08
570	2.99896082485731E-08
571	2.81726297373683E-08
572	2.64657363890912E-08
573	2.48622584808902E-08
574	2.33559303879934E-08
575	2.19408661006432E-08
576	2.06115362243856E-08
577	1.93627463738410E-08
578	1.81896168755305E-08
579	1.70875637004458E-08
580	1.60522805518561E-08
581	1.50797220383603E-08
582	1.41660878664320E-08
583	1.33078079906897E-08
584	1.25015286638674E-08
585	1.17440993319742E-08
586	1.10325603234355E-08
587	1.03641312841130E-08
588	9.14631375620984E-09
589	8.07159355992206E-09
590	7.12315631555298E-09
591	6.28616338510141E-09
592	5.54751971649269E-09
593	4.89566896683177E-09
594	4.32041269930856E-09
595	3.81275082502696E-09
596	3.36474079341315E-09
597	2.96937332818714E-09
598	2.62046276474246E-09
599	2.31255027322349E-09
600	2.04081845319089E-09
601	1.80101596367844E-09
602	1.58939100945164E-09
603	1.40263264283687E-09
604	1.23781896276759E-09
605	1.09237140060287E-09
606	8.50739702194323E-10
607	6.62556746258873E-10
608	5.15999712815652E-10
609	4.01860980405450E-10
610	3.12969646225607E-10
611	2.43741005558083E-10
612	1.89825685995247E-10
613	1.39000000000000E-10
614	1.15135098557100E-10
615	6.98329672839171E-11
616	4.23558357164050E-11
617	2.56901129797510E-11
618	1.00000000000000E-11
