     1  3.54049E-02
     2  3.55272E-02
     3  3.64735E-02
     4  3.53186E-02
     5  3.57888E-02
     6  3.49618E-02
     7  3.53126E-02
     8  3.54864E-02
     9  3.57162E-02
    10  3.62869E-02
    11  3.68980E-02
    12  3.70097E-02
    13  3.64416E-02
    14  3.69360E-02
    15  3.67206E-02
    16  3.72945E-02
    17  3.84885E-02
    18  3.67384E-02
    19  3.76329E-02
    20  3.83046E-02
    21  3.75388E-02
    22  3.69882E-02
    23  3.74632E-02
    24  3.78369E-02
    25  3.86543E-02
    26  3.78633E-02
    27  3.90627E-02
    28  3.84672E-02
    29  3.97155E-02
    30  3.99457E-02
    31  4.07761E-02
    32  3.96452E-02
    33  4.05812E-02
    34  4.05815E-02
    35  4.02009E-02
    36  4.15298E-02
    37  4.17096E-02
    38  4.13014E-02
    39  4.19387E-02
    40  4.18499E-02
    41  4.17840E-02
    42  4.18490E-02
    43  4.20251E-02
    44  4.12677E-02
    45  4.14561E-02
    46  4.16530E-02
    47  4.30759E-02
    48  4.26281E-02
    49  4.32357E-02
    50  4.39629E-02
    51  4.35220E-02
    52  4.37511E-02
    53  4.42721E-02
    54  4.36592E-02
    55  4.35303E-02
    56  4.48302E-02
    57  4.42664E-02
    58  4.43464E-02
    59  4.46011E-02
    60  4.59722E-02
    61  4.56815E-02
    62  4.65616E-02
    63  4.57829E-02
    64  4.65493E-02
    65  4.81919E-02
    66  4.71980E-02
    67  4.68965E-02
    68  4.73048E-02
    69  4.79736E-02
    70  4.79325E-02
    71  5.04148E-02
    72  4.98997E-02
    73  5.03208E-02
    74  5.13239E-02
    75  5.04968E-02
    76  5.07702E-02
    77  5.03825E-02
    78  5.05931E-02
    79  5.06335E-02
    80  5.04433E-02
    81  5.09564E-02
    82  5.29866E-02
    83  5.43810E-02
    84  5.39291E-02
    85  5.50920E-02
    86  5.53733E-02
    87  5.59940E-02
    88  5.73743E-02
    89  5.94706E-02
    90  5.88714E-02
    91  6.19100E-02
    92  6.21689E-02
    93  6.46892E-02
    94  6.69685E-02
    95  6.59680E-02
    96  6.65664E-02
    97  6.88532E-02
    98  6.97183E-02
    99  7.03526E-02
   100  7.29924E-02
   101  7.03053E-02
   102  7.02499E-02
   103  7.23640E-02
   104  7.24284E-02
   105  7.42420E-02
   106  7.55330E-02
   107  7.64250E-02
   108  7.77989E-02
   109  8.12594E-02
   110  8.49898E-02
   111  8.24939E-02
   112  8.27977E-02
   113  8.51001E-02
   114  8.43034E-02
   115  8.67476E-02
   116  8.58236E-02
   117  8.73537E-02
   118  8.87178E-02
   119  9.05547E-02
   120  9.13594E-02
   121  9.20163E-02
   122  9.35009E-02
   123  9.29208E-02
   124  9.31561E-02
   125  9.56805E-02
   126  9.59735E-02
   127  9.81165E-02
   128  9.86589E-02
   129  9.89150E-02
   130  1.02003E-01
   131  1.02230E-01
   132  1.03391E-01
   133  1.06444E-01
   134  1.08318E-01
   135  1.11125E-01
   136  1.13059E-01
   137  1.09574E-01
   138  1.10498E-01
   139  1.12247E-01
   140  1.13845E-01
   141  1.17638E-01
   142  1.19668E-01
   143  1.21708E-01
   144  1.22585E-01
   145  1.27630E-01
   146  1.29399E-01
   147  1.31663E-01
   148  1.32916E-01
   149  1.36440E-01
   150  1.38124E-01
   151  1.39113E-01
   152  1.42492E-01
   153  1.43937E-01
   154  1.46863E-01
   155  1.49789E-01
   156  1.52249E-01
   157  1.55219E-01
   158  1.58796E-01
   159  1.60822E-01
   160  1.62488E-01
   161  1.67610E-01
   162  1.70305E-01
   163  1.72519E-01
   164  1.73998E-01
   165  1.77703E-01
   166  1.80022E-01
   167  1.82162E-01
   168  1.86111E-01
   169  1.86950E-01
   170  1.89534E-01
   171  1.92882E-01
   172  1.95233E-01
   173  1.97513E-01
   174  2.01368E-01
   175  2.03542E-01
   176  2.05148E-01
   177  2.06609E-01
   178  2.06807E-01
   179  2.12135E-01
   180  2.17044E-01
   181  2.15456E-01
   182  2.19293E-01
   183  2.22212E-01
   184  2.22509E-01
   185  2.24556E-01
   186  2.26433E-01
   187  2.29454E-01
   188  2.30510E-01
   189  2.31614E-01
   190  2.32518E-01
   191  2.34197E-01
   192  2.37152E-01
   193  2.38904E-01
   194  2.42336E-01
   195  2.41958E-01
   196  2.44886E-01
   197  2.46434E-01
   198  2.48184E-01
   199  2.48305E-01
   200  2.50000E-01
   201  2.52444E-01
   202  2.53449E-01
   203  2.54433E-01
   204  2.56633E-01
   205  2.56628E-01
   206  2.59308E-01
   207  2.59709E-01
   208  2.61846E-01
   209  2.62795E-01
   210  2.63838E-01
   211  2.65315E-01
   212  2.67597E-01
   213  2.67552E-01
   214  2.68642E-01
   215  2.70197E-01
   216  2.71011E-01
   217  2.72051E-01
   218  2.72751E-01
   219  2.74352E-01
   220  2.73594E-01
   221  2.74177E-01
   222  2.75296E-01
   223  2.74888E-01
   224  2.77760E-01
   225  2.79596E-01
   226  2.78734E-01
   227  2.79971E-01
   228  2.79543E-01
   229  2.80752E-01
   230  2.79931E-01
   231  2.81997E-01
   232  2.82788E-01
   233  2.82409E-01
   234  2.83464E-01
   235  2.83488E-01
   236  2.84437E-01
   237  2.86294E-01
   238  2.86438E-01
   239  2.85579E-01
   240  2.87099E-01
   241  2.85974E-01
   242  2.85481E-01
   243  2.86122E-01
   244  2.87110E-01
   245  2.86948E-01
   246  2.88747E-01
   247  2.91534E-01
   248  2.89179E-01
   249  2.91146E-01
   250  2.89854E-01
   251  2.90001E-01
   252  2.90698E-01
   253  2.91432E-01
   254  2.92085E-01
   255  2.93229E-01
   256  2.93503E-01
   257  2.92979E-01
   258  2.92975E-01
   259  2.91486E-01
   260  2.92475E-01
   261  2.90372E-01
   262  2.91170E-01
   263  2.94628E-01
   264  2.94105E-01
   265  2.94427E-01
   266  2.96144E-01
   267  2.97669E-01
   268  2.95994E-01
   269  2.96506E-01
   270  2.97406E-01
   271  2.97275E-01
   272  2.98015E-01
   273  2.97098E-01
   274  2.99075E-01
   275  2.99965E-01
   276  2.99414E-01
   277  2.98612E-01
   278  2.99212E-01
   279  2.99911E-01
   280  2.99884E-01
   281  3.00088E-01
   282  2.99884E-01
   283  3.00822E-01
   284  3.00684E-01
   285  2.99873E-01
   286  3.01694E-01
   287  2.99747E-01
   288  3.01191E-01
   289  2.98589E-01
   290  2.98150E-01
   291  2.99429E-01
   292  3.00982E-01
   293  3.02398E-01
   294  3.03207E-01
   295  3.02669E-01
   296  3.02984E-01
   297  3.02555E-01
   298  3.02134E-01
   299  3.06154E-01
   300  3.05605E-01
   301  3.07708E-01
   302  3.08625E-01
   303  3.08620E-01
   304  3.08497E-01
   305  3.07647E-01
   306  3.08563E-01
   307  3.09242E-01
   308  3.08732E-01
   309  3.10075E-01
   310  3.09389E-01
   311  3.09936E-01
   312  3.09469E-01
   313  3.10604E-01
   314  3.10001E-01
   315  3.11432E-01
   316  3.09591E-01
   317  3.11214E-01
   318  3.11200E-01
   319  3.12105E-01
   320  3.12658E-01
   321  3.12221E-01
   322  3.12727E-01
   323  3.13505E-01
   324  3.12851E-01
   325  3.13997E-01
   326  3.14112E-01
   327  3.13648E-01
   328  3.13984E-01
   329  3.14960E-01
   330  3.14482E-01
   331  3.15398E-01
   332  3.15939E-01
   333  3.16597E-01
   334  3.16160E-01
   335  3.14833E-01
   336  3.16337E-01
   337  3.16904E-01
   338  3.16775E-01
   339  3.17265E-01
   340  3.17787E-01
   341  3.17280E-01
   342  3.16596E-01
   343  3.19969E-01
   344  3.18887E-01
   345  3.19647E-01
   346  3.20108E-01
   347  3.19039E-01
   348  3.21764E-01
   349  3.21367E-01
   350  3.22193E-01
   351  3.22840E-01
   352  3.23055E-01
   353  3.23792E-01
   354  3.23854E-01
   355  3.24346E-01
   356  3.24198E-01
   357  3.24889E-01
   358  3.22639E-01
   359  3.26332E-01
   360  3.26622E-01
   361  3.25631E-01
   362  3.27114E-01
   363  3.27944E-01
   364  3.29055E-01
   365  3.26869E-01
   366  3.26503E-01
   367  3.21791E-01
   368  3.29185E-01
   369  3.28905E-01
   370  3.31201E-01
   371  3.29484E-01
   372  3.29996E-01
   373  3.22755E-01
   374  3.26937E-01
   375  3.32630E-01
   376  3.31865E-01
   377  3.27406E-01
   378  3.34194E-01
   379  3.34200E-01
   380  3.33205E-01
   381  3.23472E-01
   382  3.35736E-01
   383  3.31841E-01
   384  3.36124E-01
   385  3.35205E-01
   386  3.35648E-01
   387  3.36151E-01
   388  3.36930E-01
   389  3.35496E-01
   390  3.38866E-01
   391  3.38356E-01
   392  3.36173E-01
   393  3.18089E-01
   394  3.40409E-01
   395  3.34318E-01
   396  3.42247E-01
   397  3.40586E-01
   398  3.40972E-01
   399  3.41979E-01
   400  3.42017E-01
   401  3.25588E-01
   402  3.43298E-01
   403  3.40522E-01
   404  3.43694E-01
   405  3.41814E-01
   406  3.42266E-01
   407  3.41603E-01
   408  3.39541E-01
   409  3.43005E-01
   410  3.40985E-01
   411  3.49283E-01
   412  3.51537E-01
   413  3.49736E-01
   414  3.51583E-01
   415  3.54156E-01
   416  3.53788E-01
   417  3.48142E-01
   418  3.47574E-01
   419  3.16463E-01
   420  3.56058E-01
   421  3.60272E-01
   422  3.59403E-01
   423  3.60114E-01
   424  3.60732E-01
   425  3.57347E-01
   426  3.64018E-01
   427  3.52421E-01
   428  3.50032E-01
   429  3.66148E-01
   430  3.57652E-01
   431  3.68256E-01
   432  3.67351E-01
   433  3.52337E-01
   434  3.70262E-01
   435  3.69681E-01
   436  3.68898E-01
   437  3.69630E-01
   438  3.35407E-01
   439  3.67795E-01
   440  3.72628E-01
   441  3.63557E-01
   442  3.27241E-01
   443  3.24765E-01
   444  3.77283E-01
   445  3.79811E-01
   446  3.79226E-01
   447  3.51512E-01
   448  3.75810E-01
   449  3.83831E-01
   450  3.84365E-01
   451  3.85727E-01
   452  3.85841E-01
   453  3.86787E-01
   454  3.87102E-01
   455  3.88016E-01
   456  3.88348E-01
   457  3.89781E-01
   458  3.90598E-01
   459  3.89651E-01
   460  3.89395E-01
   461  3.48163E-01
   462  3.89507E-01
   463  3.93293E-01
   464  3.94167E-01
   465  3.94536E-01
   466  3.95960E-01
   467  3.96544E-01
   468  3.92174E-01
   469  3.97301E-01
   470  3.99275E-01
   471  3.98282E-01
   472  3.98554E-01
   473  3.99604E-01
   474  4.00138E-01
   475  4.00185E-01
   476  4.01099E-01
   477  4.02158E-01
   478  4.02441E-01
   479  4.01472E-01
   480  4.00397E-01
   481  4.00929E-01
   482  4.01389E-01
   483  4.01810E-01
   484  4.02113E-01
   485  4.01668E-01
   486  4.00808E-01
   487  4.01768E-01
   488  4.02758E-01
   489  4.02054E-01
   490  4.01151E-01
   491  4.01616E-01
   492  4.02713E-01
   493  4.02221E-01
   494  4.01423E-01
   495  4.01327E-01
   496  4.01545E-01
   497  4.01013E-01
   498  4.00191E-01
   499  4.00769E-01
   500  3.99391E-01
   501  3.98716E-01
   502  3.97613E-01
   503  3.97250E-01
   504  3.95634E-01
   505  3.94740E-01
   506  3.92995E-01
   507  3.90979E-01
   508  3.88697E-01
   509  3.87500E-01
   510  3.84486E-01
   511  3.82079E-01
   512  3.78540E-01
   513  3.74927E-01
   514  3.70796E-01
   515  3.65206E-01
   516  3.59147E-01
   517  3.52907E-01
   518  3.43594E-01
   519  3.34534E-01
   520  3.22963E-01
   521  3.08610E-01
   522  2.93095E-01
   523  2.73705E-01
   524  2.54480E-01
   525  2.28778E-01
   526  2.02353E-01
   527  1.71863E-01
   528  1.40164E-01
   529  1.07283E-01
   530  7.64171E-02
   531  4.85348E-02
   532  2.65483E-02
   533  1.18064E-02
   534  3.96195E-03
   535  9.31590E-04
   536  1.33586E-04
   537  1.68910E-05
   538  3.88016E-06
   539  1.35839E-06
   540  1.70224E-07
   541  1.16477E-07
   542  1.18165E-07
   543  6.67182E-08
   544  3.43718E-08
   545  3.04375E-08
   546  1.00437E-07
   547  9.64935E-09
   548  3.73922E-08
   549  5.20995E-08
   550  2.52356E-07
   551  3.82323E-07
   552  9.30245E-07
   553  1.13937E-06
   554  3.35725E-06
   555  3.06037E-06
   556  1.07964E-05
   557  1.19932E-05
   558  1.56271E-05
   559  1.42216E-05
   560  2.24995E-05
   561  2.56584E-05
   562  2.56466E-05
   563  2.98927E-05
   564  2.24908E-05
   565  2.89944E-05
   566  2.76832E-05
   567  2.53499E-05
   568  2.47704E-05
   569  2.49142E-05
   570  2.35110E-05
   571  2.18623E-05
   572  2.15711E-05
   573  1.56927E-05
   574  1.51727E-05
   575  1.34081E-05
   576  1.19108E-05
   577  8.73713E-06
   578  7.12784E-06
   579  6.03832E-06
   580  5.07512E-06
   581  4.75506E-06
   582  3.49469E-06
   583  2.34757E-06
   584  1.60646E-06
   585  1.82173E-06
   586  9.22930E-07
   587  9.86541E-07
   588  8.25558E-07
   589  2.70033E-07
   590  8.15093E-08
   591  6.30397E-08
   592  3.29483E-09
   593  4.55551E-09
   594  4.36491E-08
   595  6.79321E-09
   596  4.11749E-08
   597  3.76911E-08
   598  1.14580E-08
   599  1.62608E-08
   600  2.66232E-08
   601  1.48044E-08
   602  3.62014E-10
   603  1.43935E-08
   604  1.47835E-08
   605  2.11905E-08
   606  1.59328E-08
   607  7.74555E-09
   608  2.15403E-08
   609  1.53571E-08
   610  8.79815E-09
   611  9.64504E-10
   612  5.54053E-08
   613  3.00828E-09
   614  1.22090E-09
   615  4.43061E-08
   616  3.95939E-09
   617  4.13017E-09
   618  3.69319E-09
