     1  4.35811E-02
     2  7.04432E-02
     3  8.95616E-02
     4  1.16262E-01
     5  1.40053E-01
     6  1.49655E-01
     7  1.63137E-01
     8  1.83488E-01
     9  2.13123E-01
    10  2.46434E-01
    11  2.80209E-01
    12  2.97560E-01
    13  3.08839E-01
    14  3.16591E-01
    15  3.35367E-01
    16  3.55232E-01
    17  3.71589E-01
    18  3.90824E-01
    19  4.01457E-01
    20  4.01388E-01
    21  4.02041E-01
    22  4.02092E-01
    23  3.98635E-01
    24  3.84904E-01
    25  3.41464E-01
    26  2.17666E-01
    27  8.96920E-02
    28  5.81784E-02
    29  3.08729E-02
    30  7.24834E-03
    31  2.55363E-04
    32  8.31058E-06
    33  1.42383E-06
    34  3.33029E-07
    35  2.53152E-07
    36  3.62246E-06
    37  1.87875E-05
    38  3.18992E-05
    39  2.74157E-05
    40  1.94631E-05
    41  6.88356E-06
    42  4.10450E-07
    43  7.44531E-08
    44  5.72773E-09
