     1  4.01465E-02
     2  4.24388E-02
     3  4.51215E-02
     4  4.95389E-02
     5  5.83267E-02
     6  7.46038E-02
     7  9.92956E-02
     8  1.26770E-01
     9  1.46057E-01
    10  1.68253E-01
    11  1.88827E-01
    12  2.16065E-01
    13  2.44837E-01
    14  2.66896E-01
    15  2.80207E-01
    16  2.90234E-01
    17  3.00552E-01
    18  3.10853E-01
    19  3.20665E-01
    20  3.31388E-01
    21  3.43875E-01
    22  3.53876E-01
    23  3.61543E-01
    24  3.85812E-01
    25  3.97999E-01
    26  4.01692E-01
    27  3.95077E-01
    28  3.12892E-01
    29  2.46235E-02
    30  8.18514E-06
