     1  3.66768E-02
     2  4.03314E-02
     3  4.42560E-02
     4  4.90335E-02
     5  5.53170E-02
     6  6.54214E-02
     7  7.63960E-02
     8  8.93408E-02
     9  1.06458E-01
    10  1.25120E-01
    11  1.36097E-01
    12  1.44381E-01
    13  1.50712E-01
    14  1.51693E-01
    15  1.54134E-01
    16  1.63340E-01
    17  1.77073E-01
    18  1.90393E-01
    19  2.10367E-01
    20  2.26946E-01
    21  2.35328E-01
    22  2.44254E-01
    23  2.53034E-01
    24  2.64036E-01
    25  2.72553E-01
    26  2.80594E-01
    27  2.87603E-01
    28  2.93942E-01
    29  2.99330E-01
    30  2.99879E-01
    31  3.02906E-01
    32  3.06968E-01
    33  3.07948E-01
    34  3.09799E-01
    35  3.14870E-01
    36  3.22754E-01
    37  3.30340E-01
    38  3.41587E-01
    39  3.51967E-01
    40  3.64252E-01
    41  3.69208E-01
    42  3.91210E-01
    43  4.01785E-01
    44  4.02015E-01
    45  4.01856E-01
    46  4.00502E-01
    47  3.97361E-01
    48  3.91310E-01
    49  3.86183E-01
    50  3.80954E-01
    51  3.75582E-01
    52  3.73178E-01
    53  3.70516E-01
    54  3.62538E-01
    55  3.50653E-01
    56  3.30976E-01
    57  3.05358E-01
    58  2.70450E-01
    59  2.29319E-01
    60  1.72922E-01
    61  9.35797E-02
    62  3.99040E-02
    63  7.32139E-03
    64  1.31692E-04
    65  6.71023E-07
    66  4.49179E-08
    67  4.93191E-08
    68  1.06063E-07
    69  4.24651E-06
    70  1.92089E-05
    71  2.72137E-05
    72  2.54627E-05
    73  1.86661E-05
    74  5.94181E-06
    75  1.85191E-06
    76  2.98500E-07
    77  1.19682E-08
    78  2.24840E-09
    79  1.58193E-08
