     1  3.92186E-02
     2  4.09754E-02
     3  4.17774E-02
     4  4.19817E-02
     5  4.26587E-02
     6  4.34603E-02
     7  4.41075E-02
     8  4.50021E-02
     9  4.62566E-02
    10  4.84322E-02
    11  5.10573E-02
    12  5.45110E-02
    13  6.27426E-02
    14  7.07590E-02
    15  7.90664E-02
    16  8.76861E-02
    17  9.54740E-02
    18  1.05037E-01
    19  1.14324E-01
    20  1.22715E-01
    21  1.30722E-01
    22  1.41153E-01
    23  1.52005E-01
    24  1.62806E-01
    25  1.74103E-01
    26  1.84911E-01
    27  1.93746E-01
    28  2.08285E-01
    29  2.25240E-01
    30  2.39472E-01
    31  2.51692E-01
    32  2.63062E-01
    33  2.71885E-01
    34  2.77990E-01
    35  2.82894E-01
    36  2.88165E-01
    37  2.93465E-01
    38  2.99164E-01
    39  3.02453E-01
    40  3.09371E-01
    41  3.13573E-01
    42  3.18020E-01
    43  3.25077E-01
    44  3.28179E-01
    45  3.35593E-01
    46  3.40970E-01
    47  3.48667E-01
    48  3.50134E-01
    49  3.60363E-01
    50  3.63760E-01
    51  3.58547E-01
    52  3.85619E-01
    53  3.85803E-01
    54  3.96586E-01
    55  4.00607E-01
    56  4.01465E-01
    57  4.02144E-01
    58  3.98861E-01
    59  3.88362E-01
    60  3.55269E-01
    61  2.41799E-01
    62  3.96478E-02
    63  2.95653E-06
    64  3.38369E-06
    65  2.37586E-05
    66  3.00989E-06
    67  8.22849E-08
    68  2.15862E-08
    69  0.00000E+00
    70  5.72340E-09
