     1  3.58106E-02
     2  3.65173E-02
     3  3.74702E-02
     4  4.04908E-02
     5  4.25697E-02
     6  4.48566E-02
     7  4.94264E-02
     8  5.82539E-02
     9  7.46126E-02
    10  9.12784E-02
    11  1.09180E-01
    12  1.26554E-01
    13  1.46049E-01
    14  1.68156E-01
    15  1.88299E-01
    16  2.04169E-01
    17  2.12931E-01
    18  2.22444E-01
    19  2.28355E-01
    20  2.36722E-01
    21  2.42762E-01
    22  2.49855E-01
    23  2.55064E-01
    24  2.60214E-01
    25  2.65262E-01
    26  2.71448E-01
    27  2.78027E-01
    28  2.83123E-01
    29  2.85903E-01
    30  2.90180E-01
    31  2.92046E-01
    32  2.94648E-01
    33  2.97908E-01
    34  2.99985E-01
    35  2.99520E-01
    36  3.02417E-01
    37  3.03684E-01
    38  3.07281E-01
    39  3.08281E-01
    40  3.08833E-01
    41  3.10003E-01
    42  3.10998E-01
    43  3.12108E-01
    44  3.13583E-01
    45  3.14888E-01
    46  3.15298E-01
    47  3.16387E-01
    48  3.16848E-01
    49  3.18938E-01
    50  3.20113E-01
    51  3.22616E-01
    52  3.24104E-01
    53  3.25656E-01
    54  3.27770E-01
    55  3.27237E-01
    56  3.29006E-01
    57  3.30033E-01
    58  3.31527E-01
    59  3.34769E-01
    60  3.36197E-01
    61  3.33157E-01
    62  3.38757E-01
    63  3.38488E-01
    64  3.43687E-01
    65  3.41249E-01
    66  3.45866E-01
    67  3.52132E-01
    68  3.42878E-01
    69  3.60359E-01
    70  3.60011E-01
    71  3.63395E-01
    72  3.58825E-01
    73  3.85928E-01
    74  3.85760E-01
    75  3.95894E-01
    76  4.01111E-01
    77  4.01341E-01
    78  4.02066E-01
    79  4.00828E-01
    80  3.99583E-01
    81  3.98655E-01
    82  3.96151E-01
    83  3.94356E-01
    84  3.92578E-01
    85  3.89803E-01
    86  3.86313E-01
    87  3.82280E-01
    88  3.78429E-01
    89  3.76686E-01
    90  3.73898E-01
    91  3.72870E-01
    92  3.72656E-01
    93  3.72079E-01
    94  3.70274E-01
    95  3.68913E-01
    96  3.66344E-01
    97  3.65443E-01
    98  3.61966E-01
    99  3.57307E-01
   100  3.52714E-01
   101  3.45032E-01
   102  3.20493E-01
   103  2.60780E-01
   104  1.74494E-01
   105  8.75905E-02
   106  3.30233E-02
   107  1.07000E-02
   108  4.42902E-03
   109  1.45932E-03
   110  1.73026E-04
   111  1.25869E-05
   112  8.88645E-07
   113  8.64488E-10
   114  7.58595E-08
   115  1.44150E-10
   116  1.26396E-06
   117  1.00852E-05
   118  1.46354E-05
   119  2.42648E-05
   120  2.84432E-05
   121  2.91387E-05
   122  2.74500E-05
   123  1.94262E-05
   124  1.45518E-05
   125  6.91102E-06
   126  2.39886E-07
   127  0.00000E+00
   128  1.75056E-10
   129  0.00000E+00
   130  0.00000E+00
